1.5264390879101422 0 0 0 0 0 0 0 0
0.01537200057564359 1 1 1 1 0 0 0 0
0.002501748013232578 1 1 2 2 0 0 0 0
0.020036635750839 1 1 0 0 1 1 0 0
0.019844112225726743 1 1 0 0 1 3 3 1
0.020036635750839 1 1 0 0 2 2 0 0
0.019844112225726743 1 1 0 0 2 3 3 2
-0.004814332736398218 1 1 0 0 0 1 1 0
-0.004814332736398218 1 1 0 0 0 2 2 0
0.020830678515433586 1 1 0 0 0 0 1 1
0.020830678515433586 1 1 0 0 0 0 2 2
0.012870252562411012 1 2 2 1 0 0 0 0
0.08802045701196935 1 3 1 0 0 0 0 0
-0.019595591831297374 1 3 1 3 0 0 0 0
0.027325224599468147 1 3 1 0 1 3 1 0
0.027325224599468147 1 3 1 0 2 3 2 0
-0.04176833265225074 1 3 1 0 3 0 0 0
0.018328930502201007 1 3 1 0 0 1 3 1
0.018328930502201007 1 3 1 0 0 2 3 2
-0.01252120777591516 1 3 1 0 0 3 0 0
-0.02996282644687945 1 3 1 0 0 0 3 0
-0.0503737010332743 1 3 1 0 0 0 0 3
0.01984411222572674 1 3 3 1 1 1 0 0
0.034388279791288716 1 3 3 1 1 3 3 1
0.01984411222572674 1 3 3 1 2 2 0 0
0.034388279791288716 1 3 3 1 2 3 3 2
0.005458677939789993 1 3 3 1 0 1 1 0
0.005458677939789993 1 3 3 1 0 2 2 0
0.030778109201976923 1 3 3 1 0 0 1 1
0.030778109201976923 1 3 3 1 0 0 2 2
-0.017335540512313376 1 0 1 0 0 0 0 0
0.012870252562411012 2 1 1 2 0 0 0 0
0.002501748013232578 2 2 1 1 0 0 0 0
0.01537200057564359 2 2 2 2 0 0 0 0
0.020036635750839 2 2 0 0 1 1 0 0
0.019844112225726743 2 2 0 0 1 3 3 1
0.020036635750839 2 2 0 0 2 2 0 0
0.019844112225726743 2 2 0 0 2 3 3 2
-0.004814332736398218 2 2 0 0 0 1 1 0
-0.004814332736398218 2 2 0 0 0 2 2 0
0.020830678515433586 2 2 0 0 0 0 1 1
0.020830678515433586 2 2 0 0 0 0 2 2
0.08802045701196935 2 3 2 0 0 0 0 0
-0.019595591831297374 2 3 2 3 0 0 0 0
0.027325224599468147 2 3 2 0 1 3 1 0
0.027325224599468147 2 3 2 0 2 3 2 0
-0.04176833265225074 2 3 2 0 3 0 0 0
0.018328930502201007 2 3 2 0 0 1 3 1
0.018328930502201007 2 3 2 0 0 2 3 2
-0.01252120777591516 2 3 2 0 0 3 0 0
-0.02996282644687945 2 3 2 0 0 0 3 0
-0.0503737010332743 2 3 2 0 0 0 0 3
0.01984411222572674 2 3 3 2 1 1 0 0
0.034388279791288716 2 3 3 2 1 3 3 1
0.01984411222572674 2 3 3 2 2 2 0 0
0.034388279791288716 2 3 3 2 2 3 3 2
0.005458677939789993 2 3 3 2 0 1 1 0
0.005458677939789993 2 3 3 2 0 2 2 0
0.030778109201976923 2 3 3 2 0 0 1 1
0.030778109201976923 2 3 3 2 0 0 2 2
-0.017335540512313376 2 0 2 0 0 0 0 0
-0.2723333001380559 3 0 0 0 0 0 0 0
-0.015992173882557942 3 1 3 1 0 0 0 0
-0.015992173882557942 3 2 3 2 0 0 0 0
0.08840449638769658 3 3 0 0 0 0 0 0
0.10563136621466744 3 0 3 0 0 0 0 0
0.13131671249638904 3 0 0 3 0 0 0 0
-0.04176833265225073 3 0 0 0 1 3 1 0
-0.04176833265225073 3 0 0 0 2 3 2 0
0.16242565867801015 3 0 0 0 3 0 0 0
-0.03583628610828468 3 0 0 0 0 1 3 1
-0.03583628610828468 3 0 0 0 0 2 3 2
0.1084411321385356 3 0 0 0 0 3 0 0
0.13295659081413558 3 0 0 0 0 0 3 0
0.16570499228767777 3 0 0 0 0 0 0 3
-0.004814332736398219 0 1 1 0 1 1 0 0
0.005458677939789994 0 1 1 0 1 3 3 1
-0.004814332736398219 0 1 1 0 2 2 0 0
0.005458677939789994 0 1 1 0 2 3 3 2
0.008979825379431065 0 1 1 0 0 1 1 0
0.008979825379431065 0 1 1 0 0 2 2 0
0.0006769349833276731 0 1 1 0 0 0 1 1
0.0006769349833276731 0 1 1 0 0 0 2 2
0.05234505854422075 0 1 3 1 0 0 0 0
0.01832893050220101 0 1 3 1 1 3 1 0
0.01832893050220101 0 1 3 1 2 3 2 0
-0.03583628610828468 0 1 3 1 3 0 0 0
0.016894305834764003 0 1 3 1 0 1 3 1
0.016894305834764003 0 1 3 1 0 2 3 2
-0.013706041935230864 0 1 3 1 0 3 0 0
-0.024603646993862457 0 1 3 1 0 0 3 0
-0.041937045705354344 0 1 3 1 0 0 0 3
-0.023926712010534784 0 1 0 1 0 0 0 0
-0.004814332736398219 0 2 2 0 1 1 0 0
0.005458677939789994 0 2 2 0 1 3 3 1
-0.004814332736398219 0 2 2 0 2 2 0 0
0.005458677939789994 0 2 2 0 2 3 3 2
0.008979825379431065 0 2 2 0 0 1 1 0
0.008979825379431065 0 2 2 0 0 2 2 0
0.0006769349833276731 0 2 2 0 0 0 1 1
0.0006769349833276731 0 2 2 0 0 0 2 2
0.05234505854422075 0 2 3 2 0 0 0 0
0.01832893050220101 0 2 3 2 1 3 1 0
0.01832893050220101 0 2 3 2 2 3 2 0
-0.03583628610828468 0 2 3 2 3 0 0 0
0.016894305834764003 0 2 3 2 0 1 3 1
0.016894305834764003 0 2 3 2 0 2 3 2
-0.013706041935230864 0 2 3 2 0 3 0 0
-0.024603646993862457 0 2 3 2 0 0 3 0
-0.041937045705354344 0 2 3 2 0 0 0 3
-0.023926712010534784 0 2 0 2 0 0 0 0
-0.4047216669184061 0 3 0 0 0 0 0 0
0.08636577881958081 0 3 3 0 0 0 0 0
0.09372426502148663 0 3 0 3 0 0 0 0
-0.012521207775915158 0 3 0 0 1 3 1 0
-0.012521207775915158 0 3 0 0 2 3 2 0
0.1084411321385356 0 3 0 0 3 0 0 0
-0.013706041935230864 0 3 0 0 0 1 3 1
-0.013706041935230864 0 3 0 0 0 2 3 2
0.09646396144354591 0 3 0 0 0 3 0 0
0.09534560419901186 0 3 0 0 0 0 3 0
0.11061857085625064 0 3 0 0 0 0 0 3
0.02083067851543359 0 0 1 1 1 1 0 0
0.030778109201976923 0 0 1 1 1 3 3 1
0.02083067851543359 0 0 1 1 2 2 0 0
0.030778109201976923 0 0 1 1 2 3 3 2
0.0006769349833276731 0 0 1 1 0 1 1 0
0.0006769349833276731 0 0 1 1 0 2 2 0
0.03189853302163247 0 0 1 1 0 0 1 1
0.03189853302163247 0 0 1 1 0 0 2 2
0.02083067851543359 0 0 2 2 1 1 0 0
0.030778109201976923 0 0 2 2 1 3 3 1
0.02083067851543359 0 0 2 2 2 2 0 0
0.030778109201976923 0 0 2 2 2 3 3 2
0.0006769349833276731 0 0 2 2 0 1 1 0
0.0006769349833276731 0 0 2 2 0 2 2 0
0.03189853302163247 0 0 2 2 0 0 1 1
0.03189853302163247 0 0 2 2 0 0 2 2
-0.6909527543038155 0 0 3 0 0 0 0 0
0.10615641255305655 0 0 3 3 0 0 0 0
-0.029962826446879448 0 0 3 0 1 3 1 0
-0.029962826446879448 0 0 3 0 2 3 2 0
0.13295659081413558 0 0 3 0 3 0 0 0
-0.024603646993862457 0 0 3 0 0 1 3 1
-0.024603646993862457 0 0 3 0 0 2 3 2
0.09534560419901186 0 0 3 0 0 3 0 0
0.1159185875513274 0 0 3 0 0 0 3 0
0.138054945574689 0 0 3 0 0 0 0 3
-1.0378580762345078 0 0 0 3 0 0 0 0
-0.0503737010332743 0 0 0 3 1 3 1 0
-0.0503737010332743 0 0 0 3 2 3 2 0
0.16570499228767777 0 0 0 3 3 0 0 0
-0.04193704570535435 0 0 0 3 0 1 3 1
-0.04193704570535435 0 0 0 3 0 2 3 2
0.11061857085625064 0 0 0 3 0 3 0 0
0.138054945574689 0 0 0 3 0 0 3 0
0.1850425648801897 0 0 0 3 0 0 0 3
0.01537200057564359 0 0 0 0 1 1 1 1
0.002501748013232578 0 0 0 0 1 1 2 2
0.012870252562411012 0 0 0 0 1 2 2 1
0.08802045701196938 0 0 0 0 1 3 1 0
-0.019595591831297374 0 0 0 0 1 3 1 3
-0.017335540512313376 0 0 0 0 1 0 1 0
0.012870252562411012 0 0 0 0 2 1 1 2
0.002501748013232578 0 0 0 0 2 2 1 1
0.01537200057564359 0 0 0 0 2 2 2 2
0.08802045701196938 0 0 0 0 2 3 2 0
-0.019595591831297374 0 0 0 0 2 3 2 3
-0.017335540512313376 0 0 0 0 2 0 2 0
-0.27233330013805584 0 0 0 0 3 0 0 0
-0.015992173882557942 0 0 0 0 3 1 3 1
-0.015992173882557942 0 0 0 0 3 2 3 2
0.08840449638769658 0 0 0 0 3 3 0 0
0.10563136621466744 0 0 0 0 3 0 3 0
0.13131671249638904 0 0 0 0 3 0 0 3
0.05234505854422075 0 0 0 0 0 1 3 1
-0.023926712010534784 0 0 0 0 0 1 0 1
0.05234505854422075 0 0 0 0 0 2 3 2
-0.023926712010534784 0 0 0 0 0 2 0 2
-0.40472166691840605 0 0 0 0 0 3 0 0
0.08636577881958081 0 0 0 0 0 3 3 0
0.09372426502148663 0 0 0 0 0 3 0 3
-0.6909527543038156 0 0 0 0 0 0 3 0
0.10615641255305655 0 0 0 0 0 0 3 3
-1.0378580762345078 0 0 0 0 0 0 0 3
