1.5264390879101388 0 0 0 0 0 0 0 0
-0.2030861006429742 1 1 0 0 0 0 0 0
-0.0004557544950608191 1 1 1 1 0 0 0 0
0.00032367364326601035 1 1 2 2 0 0 0 0
-0.0021023077386454155 1 1 3 0 0 0 0 0
-0.0037370824791140116 1 1 0 3 0 0 0 0
0.002866713913266751 1 1 0 0 1 1 0 0
0.00016866612827565902 1 1 0 0 1 3 1 0
-0.0003289576471522355 1 1 0 0 1 3 3 1
0.002866713913266751 1 1 0 0 2 2 0 0
0.00016866612827565902 1 1 0 0 2 3 2 0
-0.0003289576471522355 1 1 0 0 2 3 3 2
-0.004297628248617322 1 1 0 0 3 0 0 0
0.00039493532026370684 1 1 0 0 0 1 1 0
-0.00024850016919239243 1 1 0 0 0 1 3 1
0.00039493532026370684 1 1 0 0 0 2 2 0
-0.00024850016919239243 1 1 0 0 0 2 3 2
-0.004297649077567857 1 1 0 0 0 3 0 0
0.00042281330791500205 1 1 0 0 0 0 1 1
0.00042281330791500205 1 1 0 0 0 0 2 2
-0.0021132311999963937 1 1 0 0 0 0 3 0
-0.004045308773032944 1 1 0 0 0 0 0 3
-0.0007794281383268295 1 2 2 1 0 0 0 0
-0.020860614413463867 1 3 1 0 0 0 0 0
0.0010190290668191542 1 3 1 3 0 0 0 0
0.00016866612827565902 1 3 1 0 1 1 0 0
0.00026385434411466 1 3 1 0 1 3 1 0
0.00030822629391898283 1 3 1 0 1 3 3 1
0.00016866612827565902 1 3 1 0 2 2 0 0
0.00026385434411466 1 3 1 0 2 3 2 0
0.00030822629391898283 1 3 1 0 2 3 3 2
0.0011193050681765136 1 3 1 0 3 0 0 0
1.092346135097783e-05 1 3 1 0 0 1 1 0
9.913966464899176e-05 1 3 1 0 0 1 3 1
1.092346135097783e-05 1 3 1 0 0 2 2 0
9.913966464899176e-05 1 3 1 0 0 2 3 2
-0.00031142733194855217 1 3 1 0 0 3 0 0
-0.00024850016919235335 1 3 1 0 0 0 1 1
-0.00024850016919235335 1 3 1 0 0 0 2 2
0.0011193032026611956 1 3 1 0 0 0 3 0
0.0013479867139713562 1 3 1 0 0 0 0 3
-0.23312534783736027 1 3 3 1 0 0 0 0
-0.0003289576471522355 1 3 3 1 1 1 0 0
0.0003082262939189829 1 3 3 1 1 3 1 0
0.0035677730520373226 1 3 3 1 1 3 3 1
-0.0003289576471522355 1 3 3 1 2 2 0 0
0.0003082262939189829 1 3 3 1 2 3 2 0
0.0035677730520373226 1 3 3 1 2 3 3 2
-0.003413857550031675 1 3 3 1 3 0 0 0
0.0008785678029758212 1 3 3 1 0 1 1 0
0.00030822629391893226 1 3 3 1 0 1 3 1
0.0008785678029758212 1 3 3 1 0 2 2 0
0.00030822629391893226 1 3 3 1 0 2 3 2
7.477596524566321e-05 1 3 3 1 0 3 0 0
-0.0003289576471522017 1 3 3 1 0 0 1 1
-0.0003289576471522017 1 3 3 1 0 0 2 2
7.477596524563363e-05 1 3 3 1 0 0 3 0
-0.003413857550031661 1 3 3 1 0 0 0 3
-0.00017372420394671972 1 3 0 1 0 0 0 0
8.350798831515468e-05 1 0 1 0 0 0 0 0
-0.0001737242039467292 1 0 3 1 0 0 0 0
-0.0007794281383268295 2 1 1 2 0 0 0 0
-0.2030861006429742 2 2 0 0 0 0 0 0
0.00032367364326601035 2 2 1 1 0 0 0 0
-0.0004557544950608191 2 2 2 2 0 0 0 0
-0.0021023077386454155 2 2 3 0 0 0 0 0
-0.0037370824791140116 2 2 0 3 0 0 0 0
0.002866713913266751 2 2 0 0 1 1 0 0
0.00016866612827565902 2 2 0 0 1 3 1 0
-0.0003289576471522355 2 2 0 0 1 3 3 1
0.002866713913266751 2 2 0 0 2 2 0 0
0.00016866612827565902 2 2 0 0 2 3 2 0
-0.0003289576471522355 2 2 0 0 2 3 3 2
-0.004297628248617322 2 2 0 0 3 0 0 0
0.00039493532026370684 2 2 0 0 0 1 1 0
-0.00024850016919239243 2 2 0 0 0 1 3 1
0.00039493532026370684 2 2 0 0 0 2 2 0
-0.00024850016919239243 2 2 0 0 0 2 3 2
-0.004297649077567857 2 2 0 0 0 3 0 0
0.00042281330791500205 2 2 0 0 0 0 1 1
0.00042281330791500205 2 2 0 0 0 0 2 2
-0.0021132311999963937 2 2 0 0 0 0 3 0
-0.004045308773032944 2 2 0 0 0 0 0 3
-0.020860614413463867 2 3 2 0 0 0 0 0
0.0010190290668191542 2 3 2 3 0 0 0 0
0.00016866612827565902 2 3 2 0 1 1 0 0
0.00026385434411466 2 3 2 0 1 3 1 0
0.00030822629391898283 2 3 2 0 1 3 3 1
0.00016866612827565902 2 3 2 0 2 2 0 0
0.00026385434411466 2 3 2 0 2 3 2 0
0.00030822629391898283 2 3 2 0 2 3 3 2
0.0011193050681765136 2 3 2 0 3 0 0 0
1.092346135097783e-05 2 3 2 0 0 1 1 0
9.913966464899176e-05 2 3 2 0 0 1 3 1
1.092346135097783e-05 2 3 2 0 0 2 2 0
9.913966464899176e-05 2 3 2 0 0 2 3 2
-0.00031142733194855217 2 3 2 0 0 3 0 0
-0.00024850016919235335 2 3 2 0 0 0 1 1
-0.00024850016919235335 2 3 2 0 0 0 2 2
0.0011193032026611956 2 3 2 0 0 0 3 0
0.0013479867139713562 2 3 2 0 0 0 0 3
-0.23312534783736027 2 3 3 2 0 0 0 0
-0.0003289576471522355 2 3 3 2 1 1 0 0
0.0003082262939189829 2 3 3 2 1 3 1 0
0.0035677730520373226 2 3 3 2 1 3 3 1
-0.0003289576471522355 2 3 3 2 2 2 0 0
0.0003082262939189829 2 3 3 2 2 3 2 0
0.0035677730520373226 2 3 3 2 2 3 3 2
-0.003413857550031675 2 3 3 2 3 0 0 0
0.0008785678029758212 2 3 3 2 0 1 1 0
0.00030822629391893226 2 3 3 2 0 1 3 1
0.0008785678029758212 2 3 3 2 0 2 2 0
0.00030822629391893226 2 3 3 2 0 2 3 2
7.477596524566321e-05 2 3 3 2 0 3 0 0
-0.0003289576471522017 2 3 3 2 0 0 1 1
-0.0003289576471522017 2 3 3 2 0 0 2 2
7.477596524563363e-05 2 3 3 2 0 0 3 0
-0.003413857550031661 2 3 3 2 0 0 0 3
-0.00017372420394671972 2 3 0 2 0 0 0 0
8.350798831515468e-05 2 0 2 0 0 0 0 0
-0.0001737242039467292 2 0 3 2 0 0 0 0
-0.7522654618722981 3 0 0 0 0 0 0 0
-0.005779826392643915 3 1 1 0 0 0 0 0
0.0010190290668190844 3 1 3 1 0 0 0 0
-0.005779826392643915 3 2 2 0 0 0 0 0
0.0010190290668190844 3 2 3 2 0 0 0 0
0.11427038805539362 3 3 0 0 0 0 0 0
-0.003737082479113943 3 0 1 1 0 0 0 0
-0.003737082479113943 3 0 2 2 0 0 0 0
0.0838500605473725 3 0 3 0 0 0 0 0
0.15235456140204504 3 0 0 3 0 0 0 0
-0.004297628248617322 3 0 0 0 1 1 0 0
0.0011193050681765136 3 0 0 0 1 3 1 0
-0.003413857550031675 3 0 0 0 1 3 3 1
-0.004297628248617322 3 0 0 0 2 2 0 0
0.0011193050681765136 3 0 0 0 2 3 2 0
-0.003413857550031675 3 0 0 0 2 3 3 2
0.3031025652847799 3 0 0 0 3 0 0 0
-0.005948492520919574 3 0 0 0 0 1 1 0
0.0013479867139713198 3 0 0 0 0 1 3 1
-0.005948492520919574 3 0 0 0 0 2 2 0
0.0013479867139713198 3 0 0 0 0 2 3 2
0.11713710196866037 3 0 0 0 0 3 0 0
-0.004045308773032926 3 0 0 0 0 0 1 1
-0.004045308773032926 3 0 0 0 0 0 2 2
0.08411391489148715 3 0 0 0 0 0 3 0
0.15592233445408232 3 0 0 0 0 0 0 3
-0.006521496518160034 0 1 1 0 0 0 0 0
-0.005779826392643782 0 1 1 3 0 0 0 0
0.00039493532026370673 0 1 1 0 1 1 0 0
1.092346135097783e-05 0 1 1 0 1 3 1 0
0.0008785678029758211 0 1 1 0 1 3 3 1
0.00039493532026370673 0 1 1 0 2 2 0 0
1.092346135097783e-05 0 1 1 0 2 3 2 0
0.0008785678029758211 0 1 1 0 2 3 3 2
-0.005948492520919574 0 1 1 0 3 0 0 0
0.0026520282155147834 0 1 1 0 0 1 1 0
1.0923461350916912e-05 0 1 1 0 0 1 3 1
0.0026520282155147834 0 1 1 0 0 2 2 0
1.0923461350916912e-05 0 1 1 0 0 2 3 2
-0.0010908658496380386 0 1 1 0 0 3 0 0
0.0003949353202636755 0 1 1 0 0 0 1 1
0.0003949353202636755 0 1 1 0 0 0 2 2
-0.0010908658496378168 0 1 1 0 0 0 3 0
-0.005948492520919302 0 1 1 0 0 0 0 3
-0.02086061441346114 0 1 3 1 0 0 0 0
-0.00024850016919239243 0 1 3 1 1 1 0 0
9.913966464899174e-05 0 1 3 1 1 3 1 0
0.00030822629391893226 0 1 3 1 1 3 3 1
-0.00024850016919239243 0 1 3 1 2 2 0 0
9.913966464899174e-05 0 1 3 1 2 3 2 0
0.00030822629391893226 0 1 3 1 2 3 3 2
0.0013479867139713198 0 1 3 1 3 0 0 0
1.0923461350916912e-05 0 1 3 1 0 1 1 0
0.0002638543441147862 0 1 3 1 0 1 3 1
1.0923461350916912e-05 0 1 3 1 0 2 2 0
0.0002638543441147862 0 1 3 1 0 2 3 2
0.0011193032026610588 0 1 3 1 0 3 0 0
0.00016866612827551983 0 1 3 1 0 0 1 1
0.00016866612827551983 0 1 3 1 0 0 2 2
-0.00031142733194870054 0 1 3 1 0 0 3 0
0.0011193050681762016 0 1 3 1 0 0 0 3
8.350798831497497e-05 0 1 0 1 0 0 0 0
-0.006521496518160034 0 2 2 0 0 0 0 0
-0.005779826392643782 0 2 2 3 0 0 0 0
0.00039493532026370673 0 2 2 0 1 1 0 0
1.092346135097783e-05 0 2 2 0 1 3 1 0
0.0008785678029758211 0 2 2 0 1 3 3 1
0.00039493532026370673 0 2 2 0 2 2 0 0
1.092346135097783e-05 0 2 2 0 2 3 2 0
0.0008785678029758211 0 2 2 0 2 3 3 2
-0.005948492520919574 0 2 2 0 3 0 0 0
0.0026520282155147834 0 2 2 0 0 1 1 0
1.0923461350916912e-05 0 2 2 0 0 1 3 1
0.0026520282155147834 0 2 2 0 0 2 2 0
1.0923461350916912e-05 0 2 2 0 0 2 3 2
-0.0010908658496380386 0 2 2 0 0 3 0 0
0.0003949353202636755 0 2 2 0 0 0 1 1
0.0003949353202636755 0 2 2 0 0 0 2 2
-0.0010908658496378168 0 2 2 0 0 0 3 0
-0.005948492520919302 0 2 2 0 0 0 0 3
-0.02086061441346114 0 2 3 2 0 0 0 0
-0.00024850016919239243 0 2 3 2 1 1 0 0
9.913966464899174e-05 0 2 3 2 1 3 1 0
0.00030822629391893226 0 2 3 2 1 3 3 1
-0.00024850016919239243 0 2 3 2 2 2 0 0
9.913966464899174e-05 0 2 3 2 2 3 2 0
0.00030822629391893226 0 2 3 2 2 3 3 2
0.0013479867139713198 0 2 3 2 3 0 0 0
1.0923461350916912e-05 0 2 3 2 0 1 1 0
0.0002638543441147862 0 2 3 2 0 1 3 1
1.0923461350916912e-05 0 2 3 2 0 2 2 0
0.0002638543441147862 0 2 3 2 0 2 3 2
0.0011193032026610588 0 2 3 2 0 3 0 0
0.00016866612827551983 0 2 3 2 0 0 1 1
0.00016866612827551983 0 2 3 2 0 0 2 2
-0.00031142733194870054 0 2 3 2 0 0 3 0
0.0011193050681762016 0 2 3 2 0 0 0 3
8.350798831497497e-05 0 2 0 2 0 0 0 0
-0.4506674369250936 0 3 0 0 0 0 0 0
-0.002102307738645388 0 3 1 1 0 0 0 0
-0.002102307738645388 0 3 2 2 0 0 0 0
0.06300357288529974 0 3 3 0 0 0 0 0
0.08385006054737228 0 3 0 3 0 0 0 0
-0.004297649077567857 0 3 0 0 1 1 0 0
-0.00031142733194855217 0 3 0 0 1 3 1 0
7.477596524566321e-05 0 3 0 0 1 3 3 1
-0.004297649077567857 0 3 0 0 2 2 0 0
-0.00031142733194855217 0 3 0 0 2 3 2 0
7.477596524566321e-05 0 3 0 0 2 3 3 2
0.11713710196866037 0 3 0 0 3 0 0 0
-0.0010908658496380386 0 3 0 0 0 1 1 0
0.0011193032026610588 0 3 0 0 0 1 3 1
-0.0010908658496380386 0 3 0 0 0 2 2 0
0.0011193032026610588 0 3 0 0 0 2 3 2
0.1038646875868644 0 3 0 0 0 3 0 0
-0.0021132311999963044 0 3 0 0 0 0 1 1
-0.0021132311999963044 0 3 0 0 0 0 2 2
0.06565560110081453 0 3 0 0 0 0 3 0
0.08411391489148706 0 3 0 0 0 0 0 3
-0.20308610064297405 0 0 1 1 0 0 0 0
0.0004228133079150021 0 0 1 1 1 1 0 0
-0.0002485001691923533 0 0 1 1 1 3 1 0
-0.0003289576471522017 0 0 1 1 1 3 3 1
0.0004228133079150021 0 0 1 1 2 2 0 0
-0.0002485001691923533 0 0 1 1 2 3 2 0
-0.0003289576471522017 0 0 1 1 2 3 3 2
-0.004045308773032926 0 0 1 1 3 0 0 0
0.0003949353202636755 0 0 1 1 0 1 1 0
0.0001686661282755198 0 0 1 1 0 1 3 1
0.0003949353202636755 0 0 1 1 0 2 2 0
0.0001686661282755198 0 0 1 1 0 2 3 2
-0.0021132311999963044 0 0 1 1 0 3 0 0
0.0028667139132667677 0 0 1 1 0 0 1 1
0.0028667139132667677 0 0 1 1 0 0 2 2
-0.00429764907756797 0 0 1 1 0 0 3 0
-0.004297628248617237 0 0 1 1 0 0 0 3
-0.20308610064297405 0 0 2 2 0 0 0 0
0.0004228133079150021 0 0 2 2 1 1 0 0
-0.0002485001691923533 0 0 2 2 1 3 1 0
-0.0003289576471522017 0 0 2 2 1 3 3 1
0.0004228133079150021 0 0 2 2 2 2 0 0
-0.0002485001691923533 0 0 2 2 2 3 2 0
-0.0003289576471522017 0 0 2 2 2 3 3 2
-0.004045308773032926 0 0 2 2 3 0 0 0
0.0003949353202636755 0 0 2 2 0 1 1 0
0.0001686661282755198 0 0 2 2 0 1 3 1
0.0003949353202636755 0 0 2 2 0 2 2 0
0.0001686661282755198 0 0 2 2 0 2 3 2
-0.0021132311999963044 0 0 2 2 0 3 0 0
0.0028667139132667677 0 0 2 2 0 0 1 1
0.0028667139132667677 0 0 2 2 0 0 2 2
-0.00429764907756797 0 0 2 2 0 0 3 0
-0.004297628248617237 0 0 2 2 0 0 0 3
-0.450667436925093 0 0 3 0 0 0 0 0
0.11427038805539355 0 0 3 3 0 0 0 0
-0.0021132311999963937 0 0 3 0 1 1 0 0
0.0011193032026611954 0 0 3 0 1 3 1 0
7.477596524563363e-05 0 0 3 0 1 3 3 1
-0.0021132311999963937 0 0 3 0 2 2 0 0
0.0011193032026611954 0 0 3 0 2 3 2 0
7.477596524563363e-05 0 0 3 0 2 3 3 2
0.08411391489148715 0 0 3 0 3 0 0 0
-0.0010908658496378168 0 0 3 0 0 1 1 0
-0.00031142733194870054 0 0 3 0 0 1 3 1
-0.0010908658496378168 0 0 3 0 0 2 2 0
-0.00031142733194870054 0 0 3 0 0 2 3 2
0.06565560110081453 0 0 3 0 0 3 0 0
-0.00429764907756797 0 0 3 0 0 0 1 1
-0.00429764907756797 0 0 3 0 0 0 2 2
0.10386468758686407 0 0 3 0 0 0 3 0
0.11713710196866031 0 0 3 0 0 0 0 3
-0.7522654618722973 0 0 0 3 0 0 0 0
-0.004045308773032944 0 0 0 3 1 1 0 0
0.001347986713971356 0 0 0 3 1 3 1 0
-0.003413857550031661 0 0 0 3 1 3 3 1
-0.004045308773032944 0 0 0 3 2 2 0 0
0.001347986713971356 0 0 0 3 2 3 2 0
-0.003413857550031661 0 0 0 3 2 3 3 2
0.15592233445408232 0 0 0 3 3 0 0 0
-0.005948492520919302 0 0 0 3 0 1 1 0
0.0011193050681762016 0 0 0 3 0 1 3 1
-0.005948492520919302 0 0 0 3 0 2 2 0
0.0011193050681762016 0 0 0 3 0 2 3 2
0.08411391489148706 0 0 0 3 0 3 0 0
-0.004297628248617237 0 0 0 3 0 0 1 1
-0.004297628248617237 0 0 0 3 0 0 2 2
0.11713710196866031 0 0 0 3 0 0 3 0
0.30310256528477997 0 0 0 3 0 0 0 3
-0.2030861006429742 0 0 0 0 1 1 0 0
-0.0004557544950608191 0 0 0 0 1 1 1 1
0.00032367364326601035 0 0 0 0 1 1 2 2
-0.0021023077386454155 0 0 0 0 1 1 3 0
-0.0037370824791140116 0 0 0 0 1 1 0 3
-0.0007794281383268295 0 0 0 0 1 2 2 1
-0.020860614413463867 0 0 0 0 1 3 1 0
0.0010190290668191542 0 0 0 0 1 3 1 3
-0.23312534783736027 0 0 0 0 1 3 3 1
-0.00017372420394671972 0 0 0 0 1 3 0 1
8.350798831515468e-05 0 0 0 0 1 0 1 0
-0.0001737242039467292 0 0 0 0 1 0 3 1
-0.0007794281383268295 0 0 0 0 2 1 1 2
-0.2030861006429742 0 0 0 0 2 2 0 0
0.00032367364326601035 0 0 0 0 2 2 1 1
-0.0004557544950608191 0 0 0 0 2 2 2 2
-0.0021023077386454155 0 0 0 0 2 2 3 0
-0.0037370824791140116 0 0 0 0 2 2 0 3
-0.020860614413463867 0 0 0 0 2 3 2 0
0.0010190290668191542 0 0 0 0 2 3 2 3
-0.23312534783736027 0 0 0 0 2 3 3 2
-0.00017372420394671972 0 0 0 0 2 3 0 2
8.350798831515468e-05 0 0 0 0 2 0 2 0
-0.0001737242039467292 0 0 0 0 2 0 3 2
-0.7522654618722981 0 0 0 0 3 0 0 0
-0.005779826392643915 0 0 0 0 3 1 1 0
0.0010190290668190844 0 0 0 0 3 1 3 1
-0.005779826392643915 0 0 0 0 3 2 2 0
0.0010190290668190844 0 0 0 0 3 2 3 2
0.11427038805539362 0 0 0 0 3 3 0 0
-0.003737082479113943 0 0 0 0 3 0 1 1
-0.003737082479113943 0 0 0 0 3 0 2 2
0.0838500605473725 0 0 0 0 3 0 3 0
0.15235456140204504 0 0 0 0 3 0 0 3
-0.006521496518160031 0 0 0 0 0 1 1 0
-0.005779826392643782 0 0 0 0 0 1 1 3
-0.02086061441346114 0 0 0 0 0 1 3 1
8.350798831497497e-05 0 0 0 0 0 1 0 1
-0.006521496518160031 0 0 0 0 0 2 2 0
-0.005779826392643782 0 0 0 0 0 2 2 3
-0.02086061441346114 0 0 0 0 0 2 3 2
8.350798831497497e-05 0 0 0 0 0 2 0 2
-0.45066743692509353 0 0 0 0 0 3 0 0
-0.002102307738645388 0 0 0 0 0 3 1 1
-0.002102307738645388 0 0 0 0 0 3 2 2
0.06300357288529974 0 0 0 0 0 3 3 0
0.08385006054737228 0 0 0 0 0 3 0 3
-0.20308610064297405 0 0 0 0 0 0 1 1
-0.20308610064297405 0 0 0 0 0 0 2 2
-0.45066743692509303 0 0 0 0 0 0 3 0
0.11427038805539355 0 0 0 0 0 0 3 3
-0.7522654618722974 0 0 0 0 0 0 0 3
