-2.2188175260558247 0 0 0 0 0 0 0 0
0.01610073574657381 1 1 1 1 0 0 0 0
0.009833102083179668 1 1 2 2 0 0 0 0
0.04106636042944257 1 1 0 0 1 1 0 0
-0.007621404793749883 1 1 0 0 1 3 3 1
0.04106636042944257 1 1 0 0 2 2 0 0
-0.007621404793749883 1 1 0 0 2 3 3 2
0.01745332305333264 1 1 0 0 0 1 1 0
0.01745332305333264 1 1 0 0 0 2 2 0
0.04209845652418384 1 1 0 0 0 0 1 1
0.04209845652418384 1 1 0 0 0 0 2 2
0.006267633663394148 1 2 2 1 0 0 0 0
0.005191828364374822 1 3 1 0 0 0 0 0
0.007391421466175765 1 3 1 3 0 0 0 0
0.03190487170674732 1 3 1 0 1 3 1 0
0.03190487170674732 1 3 1 0 2 3 2 0
0.014402144799171426 1 3 1 0 3 0 0 0
0.032265354441004174 1 3 1 0 0 1 3 1
0.032265354441004174 1 3 1 0 0 2 3 2
-0.0043868561231028644 1 3 1 0 0 3 0 0
-0.004540102985761525 1 3 1 0 0 0 3 0
0.015038609069168565 1 3 1 0 0 0 0 3
-0.007621404793749883 1 3 3 1 1 1 0 0
0.030832666024554867 1 3 3 1 1 3 3 1
-0.007621404793749883 1 3 3 1 2 2 0 0
0.030832666024554867 1 3 3 1 2 3 3 2
0.02599772077761003 1 3 3 1 0 1 1 0
0.02599772077761003 1 3 3 1 0 2 2 0
-0.0076471876029928 1 3 3 1 0 0 1 1
-0.0076471876029928 1 3 3 1 0 0 2 2
0.013066466930229781 1 0 1 0 0 0 0 0
0.006267633663394148 2 1 1 2 0 0 0 0
0.009833102083179668 2 2 1 1 0 0 0 0
0.01610073574657381 2 2 2 2 0 0 0 0
0.04106636042944257 2 2 0 0 1 1 0 0
-0.007621404793749883 2 2 0 0 1 3 3 1
0.04106636042944257 2 2 0 0 2 2 0 0
-0.007621404793749883 2 2 0 0 2 3 3 2
0.01745332305333264 2 2 0 0 0 1 1 0
0.01745332305333264 2 2 0 0 0 2 2 0
0.04209845652418384 2 2 0 0 0 0 1 1
0.04209845652418384 2 2 0 0 0 0 2 2
0.005191828364374822 2 3 2 0 0 0 0 0
0.007391421466175765 2 3 2 3 0 0 0 0
0.03190487170674732 2 3 2 0 1 3 1 0
0.03190487170674732 2 3 2 0 2 3 2 0
0.014402144799171426 2 3 2 0 3 0 0 0
0.032265354441004174 2 3 2 0 0 1 3 1
0.032265354441004174 2 3 2 0 0 2 3 2
-0.0043868561231028644 2 3 2 0 0 3 0 0
-0.004540102985761525 2 3 2 0 0 0 3 0
0.015038609069168565 2 3 2 0 0 0 0 3
-0.007621404793749883 2 3 3 2 1 1 0 0
0.030832666024554867 2 3 3 2 1 3 3 1
-0.007621404793749883 2 3 3 2 2 2 0 0
0.030832666024554867 2 3 3 2 2 3 3 2
0.02599772077761003 2 3 3 2 0 1 1 0
0.02599772077761003 2 3 3 2 0 2 2 0
-0.0076471876029928 2 3 3 2 0 0 1 1
-0.0076471876029928 2 3 3 2 0 0 2 2
0.013066466930229781 2 0 2 0 0 0 0 0
0.08400948216111673 3 0 0 0 0 0 0 0
0.007358583991340439 3 1 3 1 0 0 0 0
0.007358583991340439 3 2 3 2 0 0 0 0
0.038617185736002355 3 3 0 0 0 0 0 0
0.04860114185097856 3 0 3 0 0 0 0 0
0.059706375835881995 3 0 0 3 0 0 0 0
0.014402144799171426 3 0 0 0 1 3 1 0
0.014402144799171426 3 0 0 0 2 3 2 0
0.08749354754898556 3 0 0 0 3 0 0 0
0.014979988785090322 3 0 0 0 0 1 3 1
0.014979988785090322 3 0 0 0 0 2 3 2
0.07968354616544493 3 0 0 0 0 3 0 0
0.08050601355772588 3 0 0 0 0 0 3 0
0.09053904186043686 3 0 0 0 0 0 0 3
0.01745332305333264 0 1 1 0 1 1 0 0
0.02599772077761003 0 1 1 0 1 3 3 1
0.01745332305333264 0 1 1 0 2 2 0 0
0.02599772077761003 0 1 1 0 2 3 3 2
0.03651795833611341 0 1 1 0 0 1 1 0
0.03651795833611341 0 1 1 0 0 2 2 0
0.018229458747088673 0 1 1 0 0 0 1 1
0.018229458747088673 0 1 1 0 0 0 2 2
-0.006619623881354334 0 1 3 1 0 0 0 0
0.032265354441004174 0 1 3 1 1 3 1 0
0.032265354441004174 0 1 3 1 2 3 2 0
0.014979988785090322 0 1 3 1 3 0 0 0
0.03304484988325937 0 1 3 1 0 1 3 1
0.03304484988325937 0 1 3 1 0 2 3 2
-0.0038089729448454726 0 1 3 1 0 3 0 0
-0.004460598596650509 0 1 3 1 0 0 3 0
0.015840961910321222 0 1 3 1 0 0 0 3
0.013768860150438163 0 1 0 1 0 0 0 0
0.01745332305333264 0 2 2 0 1 1 0 0
0.02599772077761003 0 2 2 0 1 3 3 1
0.01745332305333264 0 2 2 0 2 2 0 0
0.02599772077761003 0 2 2 0 2 3 3 2
0.03651795833611341 0 2 2 0 0 1 1 0
0.03651795833611341 0 2 2 0 0 2 2 0
0.018229458747088673 0 2 2 0 0 0 1 1
0.018229458747088673 0 2 2 0 0 0 2 2
-0.006619623881354334 0 2 3 2 0 0 0 0
0.032265354441004174 0 2 3 2 1 3 1 0
0.032265354441004174 0 2 3 2 2 3 2 0
0.014979988785090322 0 2 3 2 3 0 0 0
0.03304484988325937 0 2 3 2 0 1 3 1
0.03304484988325937 0 2 3 2 0 2 3 2
-0.0038089729448454726 0 2 3 2 0 3 0 0
-0.004460598596650509 0 2 3 2 0 0 3 0
0.015840961910321222 0 2 3 2 0 0 0 3
0.013768860150438163 0 2 0 2 0 0 0 0
0.05830779584277252 0 3 0 0 0 0 0 0
0.04732108757900691 0 3 3 0 0 0 0 0
0.04960629114179245 0 3 0 3 0 0 0 0
-0.0043868561231028644 0 3 0 0 1 3 1 0
-0.0043868561231028644 0 3 0 0 2 3 2 0
0.07968354616544493 0 3 0 0 3 0 0 0
-0.0038089729448454726 0 3 0 0 0 1 3 1
-0.0038089729448454726 0 3 0 0 0 2 3 2
0.0830792107917104 0 3 0 0 0 3 0 0
0.08383904591512031 0 3 0 0 0 0 3 0
0.08265114102505182 0 3 0 0 0 0 0 3
0.04209845652418384 0 0 1 1 1 1 0 0
-0.0076471876029928 0 0 1 1 1 3 3 1
0.04209845652418384 0 0 1 1 2 2 0 0
-0.0076471876029928 0 0 1 1 2 3 3 2
0.018229458747088673 0 0 1 1 0 1 1 0
0.018229458747088673 0 0 1 1 0 2 2 0
0.04384106168630292 0 0 1 1 0 0 1 1
0.04384106168630292 0 0 1 1 0 0 2 2
0.04209845652418384 0 0 2 2 1 1 0 0
-0.0076471876029928 0 0 2 2 1 3 3 1
0.04209845652418384 0 0 2 2 2 2 0 0
-0.0076471876029928 0 0 2 2 2 3 3 2
0.018229458747088673 0 0 2 2 0 1 1 0
0.018229458747088673 0 0 2 2 0 2 2 0
0.04384106168630292 0 0 2 2 0 0 1 1
0.04384106168630292 0 0 2 2 0 0 2 2
0.021782157013652687 0 0 3 0 0 0 0 0
0.03995694520923082 0 0 3 3 0 0 0 0
-0.004540102985761525 0 0 3 0 1 3 1 0
-0.004540102985761525 0 0 3 0 2 3 2 0
0.08050601355772588 0 0 3 0 3 0 0 0
-0.004460598596650509 0 0 3 0 0 1 3 1
-0.004460598596650509 0 0 3 0 0 2 3 2
0.08383904591512031 0 0 3 0 0 3 0 0
0.08551441370063416 0 0 3 0 0 0 3 0
0.08379800689553374 0 0 3 0 0 0 0 3
-0.0149544417472149 0 0 0 3 0 0 0 0
0.015038609069168565 0 0 0 3 1 3 1 0
0.015038609069168565 0 0 0 3 2 3 2 0
0.09053904186043686 0 0 0 3 3 0 0 0
0.015840961910321222 0 0 0 3 0 1 3 1
0.015840961910321222 0 0 0 3 0 2 3 2
0.08265114102505182 0 0 0 3 0 3 0 0
0.08379800689553374 0 0 0 3 0 0 3 0
0.09478872192942336 0 0 0 3 0 0 0 3
0.01610073574657381 0 0 0 0 1 1 1 1
0.009833102083179668 0 0 0 0 1 1 2 2
0.006267633663394148 0 0 0 0 1 2 2 1
0.0051918283643748245 0 0 0 0 1 3 1 0
0.007391421466175765 0 0 0 0 1 3 1 3
0.013066466930229781 0 0 0 0 1 0 1 0
0.006267633663394148 0 0 0 0 2 1 1 2
0.009833102083179668 0 0 0 0 2 2 1 1
0.01610073574657381 0 0 0 0 2 2 2 2
0.0051918283643748245 0 0 0 0 2 3 2 0
0.007391421466175765 0 0 0 0 2 3 2 3
0.013066466930229781 0 0 0 0 2 0 2 0
0.08400948216111678 0 0 0 0 3 0 0 0
0.007358583991340439 0 0 0 0 3 1 3 1
0.007358583991340439 0 0 0 0 3 2 3 2
0.038617185736002355 0 0 0 0 3 3 0 0
0.04860114185097856 0 0 0 0 3 0 3 0
0.059706375835881995 0 0 0 0 3 0 0 3
-0.006619623881354319 0 0 0 0 0 1 3 1
0.013768860150438163 0 0 0 0 0 1 0 1
-0.006619623881354319 0 0 0 0 0 2 3 2
0.013768860150438163 0 0 0 0 0 2 0 2
0.05830779584277255 0 0 0 0 0 3 0 0
0.04732108757900691 0 0 0 0 0 3 3 0
0.04960629114179245 0 0 0 0 0 3 0 3
0.0217821570136527 0 0 0 0 0 0 3 0
0.03995694520923082 0 0 0 0 0 0 3 3
-0.0149544417472149 0 0 0 0 0 0 0 3
