-2.218817526055818 0 0 0 0 0 0 0 0
0.0161007357465738 1 1 1 1 0 0 0 0
0.009833102083180608 1 1 2 2 0 0 0 0
0.04106636042944661 1 1 0 0 1 1 0 0
-0.007621404793743476 1 1 0 0 1 3 3 1
0.04106636042944661 1 1 0 0 2 2 0 0
-0.007621404793743476 1 1 0 0 2 3 3 2
0.017453323053327308 1 1 0 0 0 1 1 0
0.017453323053327308 1 1 0 0 0 2 2 0
0.04209845652418781 1 1 0 0 0 0 1 1
0.04209845652418781 1 1 0 0 0 0 2 2
0.006267633663393194 1 2 2 1 0 0 0 0
0.005191828364380036 1 3 1 0 0 0 0 0
0.007391421466177645 1 3 1 3 0 0 0 0
0.03190487170675046 1 3 1 0 1 3 1 0
0.03190487170675046 1 3 1 0 2 3 2 0
0.014402144799166683 1 3 1 0 3 0 0 0
0.032265354441007206 1 3 1 0 0 1 3 1
0.032265354441007206 1 3 1 0 0 2 3 2
-0.0043868561230985224 1 3 1 0 0 3 0 0
-0.004540102985756685 1 3 1 0 0 0 3 0
0.015038609069164379 1 3 1 0 0 0 0 3
-0.007621404793743475 1 3 3 1 1 1 0 0
0.030832666024552483 1 3 3 1 1 3 3 1
-0.007621404793743475 1 3 3 1 2 2 0 0
0.030832666024552483 1 3 3 1 2 3 3 2
0.025997720777614024 1 3 3 1 0 1 1 0
0.025997720777614024 1 3 3 1 0 2 2 0
-0.007647187602986734 1 3 3 1 0 0 1 1
-0.007647187602986734 1 3 3 1 0 0 2 2
0.013066466930228785 1 0 1 0 0 0 0 0
0.006267633663393194 2 1 1 2 0 0 0 0
0.009833102083180608 2 2 1 1 0 0 0 0
0.0161007357465738 2 2 2 2 0 0 0 0
0.04106636042944661 2 2 0 0 1 1 0 0
-0.007621404793743476 2 2 0 0 1 3 3 1
0.04106636042944661 2 2 0 0 2 2 0 0
-0.007621404793743476 2 2 0 0 2 3 3 2
0.017453323053327308 2 2 0 0 0 1 1 0
0.017453323053327308 2 2 0 0 0 2 2 0
0.04209845652418781 2 2 0 0 0 0 1 1
0.04209845652418781 2 2 0 0 0 0 2 2
0.005191828364380036 2 3 2 0 0 0 0 0
0.007391421466177645 2 3 2 3 0 0 0 0
0.03190487170675046 2 3 2 0 1 3 1 0
0.03190487170675046 2 3 2 0 2 3 2 0
0.014402144799166683 2 3 2 0 3 0 0 0
0.032265354441007206 2 3 2 0 0 1 3 1
0.032265354441007206 2 3 2 0 0 2 3 2
-0.0043868561230985224 2 3 2 0 0 3 0 0
-0.004540102985756685 2 3 2 0 0 0 3 0
0.015038609069164379 2 3 2 0 0 0 0 3
-0.007621404793743475 2 3 3 2 1 1 0 0
0.030832666024552483 2 3 3 2 1 3 3 1
-0.007621404793743475 2 3 3 2 2 2 0 0
0.030832666024552483 2 3 3 2 2 3 3 2
0.025997720777614024 2 3 3 2 0 1 1 0
0.025997720777614024 2 3 3 2 0 2 2 0
-0.007647187602986734 2 3 3 2 0 0 1 1
-0.007647187602986734 2 3 3 2 0 0 2 2
0.013066466930228785 2 0 2 0 0 0 0 0
0.08400948216111602 3 0 0 0 0 0 0 0
0.007358583991342276 3 1 3 1 0 0 0 0
0.007358583991342276 3 2 3 2 0 0 0 0
0.03861718573600126 3 3 0 0 0 0 0 0
0.04860114185097855 3 0 3 0 0 0 0 0
0.05970637583587969 3 0 0 3 0 0 0 0
0.014402144799166685 3 0 0 0 1 3 1 0
0.014402144799166685 3 0 0 0 2 3 2 0
0.08749354754898081 3 0 0 0 3 0 0 0
0.014979988785085753 3 0 0 0 0 1 3 1
0.014979988785085753 3 0 0 0 0 2 3 2
0.07968354616544787 3 0 0 0 0 3 0 0
0.08050601355772902 3 0 0 0 0 0 3 0
0.09053904186043218 3 0 0 0 0 0 0 3
0.017453323053327308 0 1 1 0 1 1 0 0
0.025997720777614024 0 1 1 0 1 3 3 1
0.017453323053327308 0 1 1 0 2 2 0 0
0.025997720777614024 0 1 1 0 2 3 3 2
0.036517958336107874 0 1 1 0 0 1 1 0
0.036517958336107874 0 1 1 0 0 2 2 0
0.01822945874708249 0 1 1 0 0 0 1 1
0.01822945874708249 0 1 1 0 0 0 2 2
-0.006619623881359632 0 1 3 1 0 0 0 0
0.032265354441007206 0 1 3 1 1 3 1 0
0.032265354441007206 0 1 3 1 2 3 2 0
0.014979988785085753 0 1 3 1 3 0 0 0
0.03304484988326225 0 1 3 1 0 1 3 1
0.03304484988326225 0 1 3 1 0 2 3 2
-0.003808972944840685 0 1 3 1 0 3 0 0
-0.004460598596645177 0 1 3 1 0 0 3 0
0.015840961910317267 0 1 3 1 0 0 0 3
0.013768860150437316 0 1 0 1 0 0 0 0
0.017453323053327308 0 2 2 0 1 1 0 0
0.025997720777614024 0 2 2 0 1 3 3 1
0.017453323053327308 0 2 2 0 2 2 0 0
0.025997720777614024 0 2 2 0 2 3 3 2
0.036517958336107874 0 2 2 0 0 1 1 0
0.036517958336107874 0 2 2 0 0 2 2 0
0.01822945874708249 0 2 2 0 0 0 1 1
0.01822945874708249 0 2 2 0 0 0 2 2
-0.006619623881359632 0 2 3 2 0 0 0 0
0.032265354441007206 0 2 3 2 1 3 1 0
0.032265354441007206 0 2 3 2 2 3 2 0
0.014979988785085753 0 2 3 2 3 0 0 0
0.03304484988326225 0 2 3 2 0 1 3 1
0.03304484988326225 0 2 3 2 0 2 3 2
-0.003808972944840685 0 2 3 2 0 3 0 0
-0.004460598596645177 0 2 3 2 0 0 3 0
0.015840961910317267 0 2 3 2 0 0 0 3
0.013768860150437316 0 2 0 2 0 0 0 0
0.0583077958427716 0 3 0 0 0 0 0 0
0.04732108757901105 0 3 3 0 0 0 0 0
0.04960629114179246 0 3 0 3 0 0 0 0
-0.0043868561230985224 0 3 0 0 1 3 1 0
-0.0043868561230985224 0 3 0 0 2 3 2 0
0.07968354616544787 0 3 0 0 3 0 0 0
-0.0038089729448406856 0 3 0 0 0 1 3 1
-0.0038089729448406856 0 3 0 0 0 2 3 2
0.08307921079170935 0 3 0 0 0 3 0 0
0.08383904591511893 0 3 0 0 0 0 3 0
0.08265114102505472 0 3 0 0 0 0 0 3
0.04209845652418782 0 0 1 1 1 1 0 0
-0.007647187602986732 0 0 1 1 1 3 3 1
0.04209845652418782 0 0 1 1 2 2 0 0
-0.007647187602986732 0 0 1 1 2 3 3 2
0.01822945874708249 0 0 1 1 0 1 1 0
0.01822945874708249 0 0 1 1 0 2 2 0
0.04384106168630685 0 0 1 1 0 0 1 1
0.04384106168630685 0 0 1 1 0 0 2 2
0.04209845652418782 0 0 2 2 1 1 0 0
-0.007647187602986732 0 0 2 2 1 3 3 1
0.04209845652418782 0 0 2 2 2 2 0 0
-0.007647187602986732 0 0 2 2 2 3 3 2
0.01822945874708249 0 0 2 2 0 1 1 0
0.01822945874708249 0 0 2 2 0 2 2 0
0.04384106168630685 0 0 2 2 0 0 1 1
0.04384106168630685 0 0 2 2 0 0 2 2
0.0217821570136537 0 0 3 0 0 0 0 0
0.039956945209230016 0 0 3 3 0 0 0 0
-0.0045401029857566845 0 0 3 0 1 3 1 0
-0.0045401029857566845 0 0 3 0 2 3 2 0
0.08050601355772902 0 0 3 0 3 0 0 0
-0.004460598596645177 0 0 3 0 0 1 3 1
-0.004460598596645177 0 0 3 0 0 2 3 2
0.08383904591511893 0 0 3 0 0 3 0 0
0.08551441370063263 0 0 3 0 0 0 3 0
0.08379800689553688 0 0 3 0 0 0 0 3
-0.014954441747213769 0 0 0 3 0 0 0 0
0.015038609069164377 0 0 0 3 1 3 1 0
0.015038609069164377 0 0 0 3 2 3 2 0
0.09053904186043218 0 0 0 3 3 0 0 0
0.015840961910317267 0 0 0 3 0 1 3 1
0.015840961910317267 0 0 0 3 0 2 3 2
0.08265114102505472 0 0 0 3 0 3 0 0
0.08379800689553688 0 0 0 3 0 0 3 0
0.09478872192941874 0 0 0 3 0 0 0 3
0.0161007357465738 0 0 0 0 1 1 1 1
0.009833102083180608 0 0 0 0 1 1 2 2
0.006267633663393194 0 0 0 0 1 2 2 1
0.005191828364380038 0 0 0 0 1 3 1 0
0.007391421466177645 0 0 0 0 1 3 1 3
0.013066466930228785 0 0 0 0 1 0 1 0
0.006267633663393194 0 0 0 0 2 1 1 2
0.009833102083180608 0 0 0 0 2 2 1 1
0.0161007357465738 0 0 0 0 2 2 2 2
0.005191828364380038 0 0 0 0 2 3 2 0
0.007391421466177645 0 0 0 0 2 3 2 3
0.013066466930228785 0 0 0 0 2 0 2 0
0.08400948216111595 0 0 0 0 3 0 0 0
0.007358583991342276 0 0 0 0 3 1 3 1
0.007358583991342276 0 0 0 0 3 2 3 2
0.03861718573600126 0 0 0 0 3 3 0 0
0.04860114185097855 0 0 0 0 3 0 3 0
0.05970637583587969 0 0 0 0 3 0 0 3
-0.00661962388135964 0 0 0 0 0 1 3 1
0.013768860150437316 0 0 0 0 0 1 0 1
-0.00661962388135964 0 0 0 0 0 2 3 2
0.013768860150437316 0 0 0 0 0 2 0 2
0.058307795842771556 0 0 0 0 0 3 0 0
0.04732108757901105 0 0 0 0 0 3 3 0
0.04960629114179246 0 0 0 0 0 3 0 3
0.02178215701365367 0 0 0 0 0 0 3 0
0.039956945209230016 0 0 0 0 0 0 3 3
-0.01495444174721387 0 0 0 0 0 0 0 3
