-6.5072632265735635 0 0 0 0 0 0 0 0
0.012127964835101387 1 1 0 0 0 0 0 0
0.0023419146371262455 1 1 3 3 3 1 3 1
0.0023419146371262455 1 1 3 3 3 2 3 2
0.003387415163002978 1 1 3 0 3 0 0 0
0.002859915818697192 1 1 0 3 3 0 0 0
-0.0016570561796878298 1 1 0 0 3 0 0 0
-0.001857848787772898 1 1 0 0 3 3 0 0
-0.0014309500645699731 1 1 0 0 3 0 3 0
0.010826495070980695 1 1 0 0 3 0 0 3
0.008638221972303529 1 2 3 3 1 3 3 2
-0.008638221972303529 1 2 3 3 2 3 3 1
-0.003255984890717511 1 2 0 0 1 2 0 0
0.003255984890717511 1 2 0 0 2 1 0 0
-0.004893688795971351 1 3 1 3 3 3 1 1
-0.004893688795971351 1 3 1 3 3 3 2 2
-0.004818365227572952 1 3 2 0 3 1 2 0
0.004818365227572952 1 3 2 0 3 2 1 0
0.004022019496721043 1 3 3 1 3 3 0 0
-0.009781736895443947 1 3 3 1 3 3 3 0
-0.03361603354804693 1 3 3 1 3 3 3 3
0.003077666710723981 1 3 3 1 3 0 3 0
-0.03175017256147805 1 3 3 1 0 3 3 0
-0.0008716692992503075 1 3 0 1 3 3 3 0
0.007966579252283503 1 3 0 2 3 1 0 2
-0.007966579252283503 1 3 0 2 3 2 0 1
-0.0058611554400224055 1 0 2 0 1 0 2 0
0.0058611554400224055 1 0 2 0 2 0 1 0
0.008638221972303529 1 0 3 1 1 1 3 0
0.008638221972303529 1 0 3 1 2 2 3 0
0.005419581347850225 1 0 3 1 3 3 3 0
-0.03097077740297552 1 0 0 2 1 0 0 2
0.03097077740297552 1 0 0 2 2 0 0 1
-0.008638221972303529 2 1 3 3 1 3 3 2
0.008638221972303529 2 1 3 3 2 3 3 1
0.003255984890717511 2 1 0 0 1 2 0 0
-0.003255984890717511 2 1 0 0 2 1 0 0
0.012127964835101387 2 2 0 0 0 0 0 0
0.0023419146371262455 2 2 3 3 3 1 3 1
0.0023419146371262455 2 2 3 3 3 2 3 2
0.003387415163002978 2 2 3 0 3 0 0 0
0.002859915818697192 2 2 0 3 3 0 0 0
-0.0016570561796878298 2 2 0 0 3 0 0 0
-0.001857848787772898 2 2 0 0 3 3 0 0
-0.0014309500645699731 2 2 0 0 3 0 3 0
0.010826495070980695 2 2 0 0 3 0 0 3
0.004818365227572952 2 3 1 0 3 1 2 0
-0.004818365227572952 2 3 1 0 3 2 1 0
-0.004893688795971351 2 3 2 3 3 3 1 1
-0.004893688795971351 2 3 2 3 3 3 2 2
0.004022019496721043 2 3 3 2 3 3 0 0
-0.009781736895443947 2 3 3 2 3 3 3 0
-0.03361603354804693 2 3 3 2 3 3 3 3
0.003077666710723981 2 3 3 2 3 0 3 0
-0.03175017256147805 2 3 3 2 0 3 3 0
-0.007966579252283503 2 3 0 1 3 1 0 2
0.007966579252283503 2 3 0 1 3 2 0 1
-0.0008716692992503075 2 3 0 2 3 3 3 0
0.0058611554400224055 2 0 1 0 1 0 2 0
-0.0058611554400224055 2 0 1 0 2 0 1 0
0.008638221972303529 2 0 3 2 1 1 3 0
0.008638221972303529 2 0 3 2 2 2 3 0
0.005419581347850225 2 0 3 2 3 3 3 0
0.03097077740297552 2 0 0 1 1 0 0 2
-0.03097077740297552 2 0 0 1 2 0 0 1
-0.16925728478867913 3 0 0 0 0 0 0 0
0.004198269021529433 3 1 3 1 0 3 3 0
0.004198269021529433 3 2 3 2 0 3 3 0
0.05267511671984473 3 3 0 0 0 0 0 0
-0.03175017256147806 3 3 3 3 1 3 3 1
-0.03175017256147806 3 3 3 3 2 3 3 2
0.012127964835101387 3 3 0 0 1 1 0 0
0.012127964835101387 3 3 0 0 2 2 0 0
0.061731047415590705 3 0 3 0 0 0 0 0
0.012836490993832961 3 0 3 3 0 1 3 1
0.012836490993832961 3 0 3 3 0 2 3 2
0.08252987913853617 3 0 0 3 0 0 0 0
0.121897109494029 3 0 0 0 3 0 0 0
0.05593110161056225 3 0 0 0 0 3 0 0
0.06759220285561311 3 0 0 0 0 0 3 0
0.1135006565415117 3 0 0 0 0 0 0 3
-0.003432575902689438 0 1 1 3 0 3 1 1
-0.003432575902689438 0 1 1 3 0 3 2 2
-0.004818365227572952 0 1 1 0 1 0 1 0
-0.004818365227572952 0 1 1 0 2 0 2 0
-0.01031939198751322 0 1 2 0 0 1 2 0
0.01031939198751322 0 1 2 0 0 2 1 0
0.012836490993832961 0 1 3 1 3 3 3 0
-0.0005508093622416059 0 1 3 1 0 3 0 0
0.019550014468284853 0 1 3 1 0 3 3 0
0.011014297953427664 0 1 3 1 0 3 3 3
-0.008995360479599562 0 1 3 1 0 0 3 0
-0.0023419146371262455 0 1 3 2 1 2 3 0
0.0023419146371262455 0 1 3 2 2 1 3 0
0.007966579252283503 0 1 0 1 1 0 0 1
0.007966579252283503 0 1 0 1 2 0 0 2
-0.003983385264931045 0 1 0 1 0 3 3 0
-0.0066097386151022725 0 1 0 2 0 1 0 2
0.0066097386151022725 0 1 0 2 0 2 0 1
0.01031939198751322 0 2 1 0 0 1 2 0
-0.01031939198751322 0 2 1 0 0 2 1 0
-0.003432575902689438 0 2 2 3 0 3 1 1
-0.003432575902689438 0 2 2 3 0 3 2 2
-0.004818365227572952 0 2 2 0 1 0 1 0
-0.004818365227572952 0 2 2 0 2 0 2 0
0.0023419146371262455 0 2 3 1 1 2 3 0
-0.0023419146371262455 0 2 3 1 2 1 3 0
0.012836490993832961 0 2 3 2 3 3 3 0
-0.0005508093622416059 0 2 3 2 0 3 0 0
0.019550014468284853 0 2 3 2 0 3 3 0
0.011014297953427664 0 2 3 2 0 3 3 3
-0.008995360479599562 0 2 3 2 0 0 3 0
0.0066097386151022725 0 2 0 1 0 1 0 2
-0.0066097386151022725 0 2 0 1 0 2 0 1
0.007966579252283503 0 2 0 2 1 0 0 1
0.007966579252283503 0 2 0 2 2 0 0 2
-0.003983385264931045 0 2 0 2 0 3 3 0
-0.25980319769175425 0 3 0 0 0 0 0 0
0.004893688795971351 0 3 1 2 1 3 2 0
-0.004893688795971351 0 3 1 2 2 3 1 0
-0.004893688795971351 0 3 2 1 1 3 2 0
0.004893688795971351 0 3 2 1 2 3 1 0
0.060180932467729736 0 3 3 0 0 0 0 0
-0.009781736895443953 0 3 3 3 1 3 3 1
-0.0008716692992503075 0 3 3 3 1 3 0 1
0.005419581347850225 0 3 3 3 1 0 3 1
-0.009781736895443953 0 3 3 3 2 3 3 2
-0.0008716692992503075 0 3 3 3 2 3 0 2
0.005419581347850225 0 3 3 3 2 0 3 2
-0.008995360479599562 0 3 3 3 0 1 3 1
-0.008995360479599562 0 3 3 3 0 2 3 2
-0.0014309500645699731 0 3 3 0 1 1 0 0
-0.03361603354804693 0 3 3 0 1 3 3 1
-0.0014309500645699731 0 3 3 0 2 2 0 0
-0.03361603354804693 0 3 3 0 2 3 3 2
0.05375561487844908 0 3 0 3 0 0 0 0
0.010826495070980695 0 3 0 3 1 1 0 0
0.004022019496721043 0 3 0 3 1 3 3 1
0.010826495070980695 0 3 0 3 2 2 0 0
0.004022019496721043 0 3 0 3 2 3 3 2
-0.0016570561796878363 0 3 0 0 1 1 0 0
0.003387415163002978 0 3 0 0 1 1 3 0
0.002859915818697192 0 3 0 0 1 1 0 3
-0.0016570561796878363 0 3 0 0 2 2 0 0
0.003387415163002978 0 3 0 0 2 2 3 0
0.002859915818697192 0 3 0 0 2 2 0 3
0.05593110161056225 0 3 0 0 3 0 0 0
0.08448112566997247 0 3 0 0 0 3 0 0
0.07050032445524296 0 3 0 0 0 0 3 0
0.06036535349355135 0 3 0 0 0 0 0 3
0.003432575902689438 0 0 1 2 0 1 2 0
-0.003432575902689438 0 0 1 2 0 2 1 0
-0.004928812011369455 0 0 1 2 0 0 1 2
0.004928812011369455 0 0 1 2 0 0 2 1
-0.003432575902689438 0 0 2 1 0 1 2 0
0.003432575902689438 0 0 2 1 0 2 1 0
0.004928812011369455 0 0 2 1 0 0 1 2
-0.004928812011369455 0 0 2 1 0 0 2 1
-0.29072570220461313 0 0 3 0 0 0 0 0
0.06211647365313711 0 0 3 3 0 0 0 0
0.003077666710723981 0 0 3 3 1 3 3 1
0.003077666710723981 0 0 3 3 2 3 3 2
0.004198269021529433 0 0 3 3 3 1 3 1
0.004198269021529433 0 0 3 3 3 2 3 2
0.01955001446828485 0 0 3 3 0 1 3 1
-0.003983385264931045 0 0 3 3 0 1 0 1
0.01955001446828485 0 0 3 3 0 2 3 2
-0.003983385264931045 0 0 3 3 0 2 0 2
0.06759220285561311 0 0 3 0 3 0 0 0
0.011014297953427664 0 0 3 0 0 1 3 1
0.011014297953427664 0 0 3 0 0 2 3 2
0.07050032445524296 0 0 3 0 0 3 0 0
0.0782363777898523 0 0 3 0 0 0 3 0
0.06704528566450657 0 0 3 0 0 0 0 3
-0.43514497590395484 0 0 0 3 0 0 0 0
0.1135006565415117 0 0 0 3 3 0 0 0
-0.0005508093622416059 0 0 0 3 0 1 3 1
-0.0005508093622416059 0 0 0 3 0 2 3 2
0.06036535349355135 0 0 0 3 0 3 0 0
0.06704528566450657 0 0 0 3 0 0 3 0
0.11348114624028272 0 0 0 3 0 0 0 3
-0.0018578487877728977 0 0 0 0 1 1 0 0
-0.0018578487877728977 0 0 0 0 2 2 0 0
-0.16925728478867913 0 0 0 0 3 0 0 0
0.05267511671984473 0 0 0 0 3 3 0 0
0.061731047415590705 0 0 0 0 3 0 3 0
0.08252987913853617 0 0 0 0 3 0 0 3
-0.2598031976917542 0 0 0 0 0 3 0 0
0.060180932467729736 0 0 0 0 0 3 3 0
0.05375561487844908 0 0 0 0 0 3 0 3
-0.29072570220461313 0 0 0 0 0 0 3 0
0.06211647365313711 0 0 0 0 0 0 3 3
-0.4351449759039548 0 0 0 0 0 0 0 3
