-7.247652458083527 0 0 0 0 0 0
0.01526421977769006 1 1 0 0 0 0
0.0014370460325377784 1 1 3 3 0 0
0.02132211152896618 1 1 0 3 0 0
-0.0038063028881690254 1 1 0 3 3 0
-0.003688626267938465 1 1 0 3 0 3
-0.005726397786643535 1 2 0 1 2 0
0.005726397786643535 1 2 0 2 1 0
-0.005125672300476242 1 3 2 3 1 2
0.005125672300476242 1 3 2 3 2 1
-0.005271905928434634 1 0 2 1 0 2
0.005271905928434634 1 0 2 2 0 1
0.005726397786643535 2 1 0 1 2 0
-0.005726397786643535 2 1 0 2 1 0
0.01526421977769006 2 2 0 0 0 0
0.0014370460325377784 2 2 3 3 0 0
0.02132211152896618 2 2 0 3 0 0
-0.0038063028881690254 2 2 0 3 3 0
-0.003688626267938465 2 2 0 3 0 3
0.005125672300476242 2 3 1 3 1 2
-0.005125672300476242 2 3 1 3 2 1
0.005271905928434634 2 0 1 1 0 2
-0.005271905928434634 2 0 1 2 0 1
0.01173579972204769 3 0 0 0 0 0
0.04743514773600546 3 3 0 0 0 0
0.01526421977769006 3 3 0 1 1 0
0.01526421977769006 3 3 0 2 2 0
0.055376587099559456 3 0 3 0 0 0
0.11183806637694496 3 0 0 3 0 0
0.053161545522649 3 0 0 0 3 0
0.06064849302799409 3 0 0 0 0 3
-0.005125672300476243 0 1 1 1 0 1
-0.005125672300476243 0 1 1 2 0 2
-0.010346900732714505 0 1 2 0 1 2
0.010346900732714505 0 1 2 0 2 1
0.010346900732714505 0 2 1 0 1 2
-0.010346900732714505 0 2 1 0 2 1
-0.005125672300476243 0 2 2 1 0 1
-0.005125672300476243 0 2 2 2 0 2
-0.14549167512869046 0 3 0 0 0 0
0.05944919898956141 0 3 3 0 0 0
-0.003688626267938465 0 3 3 1 1 0
-0.003688626267938465 0 3 3 2 2 0
0.02132211152896618 0 3 0 1 1 0
0.0014370460325377784 0 3 0 1 1 3
0.02132211152896618 0 3 0 2 2 0
0.0014370460325377784 0 3 0 2 2 3
0.053161545522649 0 3 0 3 0 0
0.08175295467509638 0 3 0 0 3 0
0.0697960997222759 0 3 0 0 0 3
-0.17148070549056388 0 0 3 0 0 0
0.06064849302799409 0 0 3 3 0 0
0.0697960997222759 0 0 3 0 3 0
0.07823637778985229 0 0 3 0 0 3
-0.0038063028881690254 0 0 0 1 1 0
-0.0038063028881690254 0 0 0 2 2 0
0.011735799722047666 0 0 0 3 0 0
0.04743514773600546 0 0 0 3 3 0
0.055376587099559456 0 0 0 3 0 3
-0.14549167512869043 0 0 0 0 3 0
0.05944919898956141 0 0 0 0 3 3
-0.17148070549056388 0 0 0 0 0 3
