-6.981705755320153 0 0 0 0 0 0
0.011733624356716977 1 1 0 0 0 0
0.0027757464116671326 1 1 3 3 0 0
0.002111137889379712 1 1 3 3 1 1
0.002111137889379712 1 1 3 3 2 2
-4.163812615366573e-05 1 1 0 3 0 0
-0.0015406702306936157 1 1 0 3 3 0
0.010540187792814543 1 1 0 3 0 3
0.00837336167736521 1 2 3 1 3 2
-0.00837336167736521 1 2 3 2 3 1
-0.003034657024161045 1 2 0 1 2 0
0.003034657024161045 1 2 0 2 1 0
0.0023679367103782043 1 3 1 3 0 0
-0.004788969401730167 1 3 1 3 3 0
-0.035116770274161394 1 3 1 3 3 3
-0.03305872840296005 1 3 1 0 3 0
0.007764441381147411 1 3 2 3 1 2
-0.007764441381147411 1 3 2 3 2 1
0.00837336167736521 1 0 1 1 1 0
0.00837336167736521 1 0 1 2 2 0
0.0044790745997579165 1 0 1 3 3 0
-0.030738327056787453 1 0 2 1 0 2
0.030738327056787453 1 0 2 2 0 1
-0.00837336167736521 2 1 3 1 3 2
0.00837336167736521 2 1 3 2 3 1
0.003034657024161045 2 1 0 1 2 0
-0.003034657024161045 2 1 0 2 1 0
0.011733624356716977 2 2 0 0 0 0
0.0027757464116671326 2 2 3 3 0 0
0.002111137889379712 2 2 3 3 1 1
0.002111137889379712 2 2 3 3 2 2
-4.163812615366573e-05 2 2 0 3 0 0
-0.0015406702306936157 2 2 0 3 3 0
0.010540187792814543 2 2 0 3 0 3
-0.007764441381147411 2 3 1 3 1 2
0.007764441381147411 2 3 1 3 2 1
0.0023679367103782043 2 3 2 3 0 0
-0.004788969401730167 2 3 2 3 3 0
-0.035116770274161394 2 3 2 3 3 3
-0.03305872840296005 2 3 2 0 3 0
0.030738327056787453 2 0 1 1 0 2
-0.030738327056787453 2 0 1 2 0 1
0.00837336167736521 2 0 2 1 1 0
0.00837336167736521 2 0 2 2 2 0
0.0044790745997579165 2 0 2 3 3 0
-0.03786674614772539 3 0 0 0 0 0
0.004360552566754619 3 1 1 0 3 0
0.004360552566754619 3 2 2 0 3 0
0.05362141073106221 3 3 0 0 0 0
-0.03305872840296005 3 3 3 1 3 1
-0.03305872840296005 3 3 3 2 3 2
0.011733624356716977 3 3 0 1 1 0
0.011733624356716977 3 3 0 2 2 0
0.08360121962493343 3 0 3 0 0 0
0.01273391424411983 3 0 3 0 1 1
0.01273391424411983 3 0 3 0 2 2
0.12357087199863591 3 0 0 3 0 0
0.05665606775522326 3 0 0 0 3 0
0.11433954668172089 3 0 0 0 0 3
-0.009012042795560445 0 1 1 0 0 0
0.007764441381147411 0 1 1 1 0 1
0.007764441381147411 0 1 1 2 0 2
0.01273391424411983 0 1 1 3 3 0
0.015217101058041343 0 1 1 0 3 0
0.01088940798609516 0 1 1 0 3 3
-0.002111137889379712 0 1 2 1 2 0
0.002111137889379712 0 1 2 2 1 0
-0.006575745051510013 0 1 2 0 1 2
0.006575745051510013 0 1 2 0 2 1
0.002111137889379712 0 2 1 1 2 0
-0.002111137889379712 0 2 1 2 1 0
0.006575745051510013 0 2 1 0 1 2
-0.006575745051510013 0 2 1 0 2 1
-0.009012042795560445 0 2 2 0 0 0
0.007764441381147411 0 2 2 1 0 1
0.007764441381147411 0 2 2 2 0 2
0.01273391424411983 0 2 2 3 3 0
0.015217101058041343 0 2 2 0 3 0
0.01088940798609516 0 2 2 0 3 3
-0.12835812045735412 0 3 0 0 0 0
0.0539298608121609 0 3 3 0 0 0
0.010540187792814543 0 3 3 1 1 0
-0.004788969401730165 0 3 3 1 3 1
0.0044790745997579165 0 3 3 1 0 1
0.010540187792814543 0 3 3 2 2 0
-0.004788969401730165 0 3 3 2 3 2
0.0044790745997579165 0 3 3 2 0 2
-0.009012042795560445 0 3 3 0 1 1
-0.009012042795560445 0 3 3 0 2 2
-4.1638126153662695e-05 0 3 0 1 1 0
0.0027757464116671326 0 3 0 1 1 3
-0.035116770274161394 0 3 0 1 3 1
-4.1638126153662695e-05 0 3 0 2 2 0
0.0027757464116671326 0 3 0 2 2 3
-0.035116770274161394 0 3 0 2 3 2
0.05665606775522326 0 3 0 3 0 0
0.0847039179336012 0 3 0 0 3 0
0.06050560586367091 0 3 0 0 0 3
-0.3177349930958962 0 0 3 0 0 0
0.0023679367103782043 0 0 3 1 3 1
0.0023679367103782043 0 0 3 2 3 2
0.11433954668172089 0 0 3 3 0 0
0.004360552566754619 0 0 3 3 1 1
0.004360552566754619 0 0 3 3 2 2
0.015217101058041343 0 0 3 0 1 1
0.015217101058041343 0 0 3 0 2 2
0.06050560586367091 0 0 3 0 3 0
0.11409163489806463 0 0 3 0 0 3
-0.0015406702306936157 0 0 0 1 1 0
-0.0015406702306936157 0 0 0 2 2 0
-0.03786674614772538 0 0 0 3 0 0
0.05362141073106221 0 0 0 3 3 0
0.08360121962493343 0 0 0 3 0 3
0.01088940798609516 0 0 0 0 1 1
0.01088940798609516 0 0 0 0 2 2
-0.12835812045735412 0 0 0 0 3 0
0.0539298608121609 0 0 0 0 3 3
-0.31773499309589615 0 0 0 0 0 3
